2
10
32
40
41
46
48
49
50
51
52
53
54
55
56
57
58
73
76
101
109
111
112
114
115
117
65155
65156
65157
65158
65159
65160
65165
65166
65167
65168
65169
65170
65171
65172
65173
65174
65175
65176
65185
65186
65187
65188
65189
65190
65191
65192
65193
65194
65197
65198
65201
65202
65203
65204
65205
65206
65207
65208
65209
65210
65211
65212
65217
65218
65219
65220
65225
65226
65227
65228
65229
65230
65231
65232
65233
65234
65235
65236
65237
65238
65239
65240
65241
65242
65243
65244
65245
65246
65247
65248
65269
65270
65271
65272
65273
65274
65275
65276
65279
65249
65250
65251
65252
65253
65254
65255
65256
65257
65258
65259
65260
65261
65262
65263
65264
65265
65266
65267
65268
1615